osu file format v13

[General]
AudioFilename:TBTEisPissedlol.mp3
AudioLeadIn:0
PreviewTime:-1
Countdown:1
SampleSet:None
StackLeniency:0.7
LetterboxInBreaks:1
DistanceSpacing:1.7
Mode:0

[Editor]
BeatDivisor:4
GridSize:4

[Metadata]
Title:She's So Kawaii
TitleUnicode:She's So Kawaii
Artist:LeetStreet Boys
ArtistUnicode:LeetStreet Boys
Creator:CDFA
Version:YodaFast
Source:
BeatmapID:269636
BeatmapSetID:101526

[Difficulty]
HPDrainRate:6
OverallDifficulty:8
ApproachRate:9
SliderMultiplier:2
SliderTickRate:2
CircleSize:5

[Events]
0,0,"556519_263570877090607_1918811140_n.jpg"
2,115279,129329
3,100,163,162,255

[TimingPoints]
216.377,410.9589,4,2,0,50,1,0
16423,-100,4,1,0,50,0,0
29805,-100,4,1,0,50,0,1

[HitObjects]
56,176,3709,1,0
128,80,3915,1,0
244,52,4120,2,0,P|296:52|372:88,1,100
448,124,4531,1,0
448,124,4736,1,0
232,56,4942,6,0,B|180:100|288:140|232:256,1,200
237,244,5558,1,0
140,176,5764,1,0
236,244,5969,1,0
336,176,6175,1,0
236,244,6380,1,0
124,60,6586,6,0,L|236:60,1,100
176,168,6997,2,0,L|288:168,1,100
248,284,7408,2,0,L|360:284,1,100
408,180,7819,1,0
352,72,8024,1,0
352,72,8230,6,0,L|228:72,1,100
252,72,8641,1,0
252,72,8846,2,0,L|128:72,1,100
152,72,9257,1,0
144,296,9462,1,0
220,204,9668,1,0
296,296,9873,6,0,B|384:292|404:224,1,100
428,148,10284,1,0
344,64,10490,1,0
228,88,10695,1,0
344,64,10901,1,0
428,148,11106,1,0
348,240,11312,1,0
240,192,11517,6,0,B|188:144|148:196|148:196,1,100
152,312,11928,2,0,B|204:360|244:308|244:308,1,100
320,244,12339,1,0
320,244,12545,1,0
260,140,12750,1,0
260,140,12956,1,0
168,64,13161,6,0,P|112:48|60:80,1,100
80,184,13572,2,0,P|136:200|188:168,1,100
276,120,13983,1,0
392,100,14188,1,0
364,216,14394,1,0
364,216,14599,1,0
264,280,14805,6,0,B|208:324|172:276|140:264,1,100
96,192,15216,1,0
56,80,15421,1,0
96,192,15627,1,0
96,192,15832,5,0
144,236,16038,1,0
186,209,16140,1,0
229,183,16243,1,0
271,157,16346,1,0
314,131,16448,1,0
256,192,16860,1,0
384,212,17065,1,0
296,308,17271,1,0
168,288,17476,1,0
80,192,17682,2,0,B|64:128,1,50
92,84,17887,2,0,L|156:64,1,50
236,40,18093,1,0
236,40,18504,5,0
232,168,18709,1,0
340,92,18915,1,0
340,220,19120,1,0
232,288,19325,1,0
112,192,19531,1,0
380,192,19736,1,0
380,192,20147,5,0
264,248,20353,2,0,L|176:296,1,100
264,148,20764,2,0,L|360:96,1,100
264,148,21175,1,0
140,184,21380,1,0
140,184,21791,5,0
136,316,21997,1,0
264,280,22202,1,0
392,300,22408,1,0
384,172,22613,1,0
384,172,22819,2,0,L|260:136,1,100
120,64,23435,6,0,L|120:172,1,100
240,116,23846,2,0,L|240:256,1,100
360,168,24257,2,0,L|360:280,1,100
116,168,24668,1,0
116,168,25079,5,0
220,92,25284,1,0
116,168,25490,1,0
216,252,25695,1,0
316,168,25901,1,0
440,128,26106,2,0,P|460:200|436:248,1,100
344,292,26723,5,0
344,292,26928,2,0,P|320:228|348:172,1,100
328,200,27339,1,0
220,80,27545,1,0
104,140,27750,2,0,B|56:212|136:268|136:268,1,100
256,192,28367,8,0,29394
256,192,29805,5,0
84,148,30216,2,0,P|156:64|172:72,1,100
292,100,30627,1,0
124,160,30832,1,0
220,312,31038,1,0
384,240,31243,6,0,P|332:204|284:196,1,100
116,216,31654,1,0
116,216,31860,1,0
92,84,32271,1,0
152,252,32476,1,0
328,296,32682,1,0
452,168,32887,6,0,P|444:96|388:72,1,100
84,192,33504,1,0
444,192,33915,1,0
84,192,34325,1,0
224,76,34531,1,0
176,192,34942,5,0
296,192,35147,2,0,L|396:192,1,100
260,308,35558,1,0
144,200,35764,1,0
256,84,35969,1,0
256,84,36175,2,0,L|316:152,1,50
336,168,36380,5,0
140,288,36791,5,0
296,248,36997,1,0
448,200,37202,1,0
300,140,37408,1,0
152,80,37613,1,0
360,80,37819,1,0
368,252,38230,6,0,L|260:252,1,100
268,252,38641,1,0
132,240,38846,1,0
132,240,39051,1,0
132,240,39257,2,0,P|152:176|212:156,1,100
432,64,40079,5,0
256,332,40490,1,0
80,64,40901,1,0
144,140,41106,1,0
344,140,41517,5,0
412,64,41723,1,0
180,304,42134,1,0
348,304,42339,1,0
256,224,42545,1,0
256,176,42647,1,0
256,128,42750,1,0
256,128,42853,1,0
256,128,42956,5,0
88,192,43367,5,0
408,192,43778,1,0
88,192,44188,1,0
212,292,44394,1,0
88,192,44805,5,0
212,292,45010,1,0
336,192,45216,1,0
228,72,45421,2,0,B|152:32|112:96|112:96,1,100
140,236,45832,2,0,B|216:276|256:212|256:212,1,100
352,124,46243,5,0
352,124,46860,5,0
160,72,47065,1,0
120,268,47271,1,0
120,268,47476,1,0
120,268,47682,6,0,L|232:268,1,100
148,160,48093,2,0,L|260:160,1,100
184,48,48504,2,0,L|296:48,1,100
388,220,48915,1,0
376,60,49120,1,0
220,84,49325,5,0
220,84,49427,1,0
220,84,49530,1,0
88,244,49736,1,0
180,152,49942,1,0
236,268,50147,1,0
300,156,50353,1,0
236,268,50558,1,0
364,248,50764,1,0
244,200,50969,1,0
176,308,51175,5,0
88,212,51380,1,0
120,88,51586,1,0
244,52,51791,1,0
352,128,51997,1,0
336,256,52202,1,0
224,188,52408,1,0
224,188,52613,1,0
224,188,52819,5,0
96,152,53024,1,0
424,228,53230,1,0
424,228,53435,1,0
424,152,53641,1,0
96,228,53846,1,0
224,64,54051,2,0,L|324:64,1,100
60,56,56106,5,0
60,56,56312,1,0
60,56,56517,1,0
60,56,56723,1,0
60,56,56928,1,0
156,156,57134,1,0
256,56,57339,1,0
352,156,57545,1,0
452,56,57750,5,0
452,56,57956,1,0
452,56,58161,1,0
452,56,58367,1,0
452,56,58572,1,0
352,156,58778,1,0
260,264,58983,1,0
172,156,59188,1,0
256,44,59394,5,0
255,74,59599,1,0
256,105,59805,1,0
256,137,60010,1,0
257,167,60216,1,0
133,232,60421,1,0
257,167,60627,1,0
382,229,60832,1,0
304,88,61038,1,0
284,78,61140,1,0
264,72,61243,1,0
243,70,61346,1,0
221,71,61448,1,0
200,76,61551,1,0
181,85,61654,1,0
163,97,61757,1,0
148,112,61859,1,0
136,130,61962,1,0
127,149,62065,1,0
121,170,62168,1,0
119,191,62270,1,0
124,220,62271,2,0,L|228:280,1,100
268,304,62887,5,0
404,220,63093,1,0
268,304,63298,1,0
404,220,63504,1,0
400,60,63709,1,0
240,60,63915,1,0
40,56,64120,1,0
40,56,64325,5,0
108,200,64531,1,0
172,52,64736,1,0
108,200,64942,1,0
40,56,65147,1,0
200,60,65353,1,0
400,56,65558,1,0
400,56,65764,1,0
328,196,65969,5,0
244,60,66175,1,0
400,56,66380,1,0
264,140,66586,2,0,L|168:232,1,100
36,268,66997,1,0
92,120,67202,6,0,L|184:40,2,100
36,268,67819,1,0
160,168,68024,1,0
216,320,68230,1,0
372,196,68435,1,0
216,68,68641,1,0
216,148,68846,1,0
220,228,69051,6,0,L|220:328,2,100
292,84,69668,2,0,L|372:176,1,100
200,144,70079,2,0,L|272:228,1,100
412,292,70490,1,0
252,292,70695,1,0
92,292,70901,6,0,L|92:172,1,100
92,192,71312,2,0,L|208:192,1,100
192,192,71723,2,0,L|192:304,1,100
332,216,72134,1,0
444,100,72339,6,0,P|384:48|324:88,2,100
370,49,72956,1,0
332,216,73161,2,0,P|392:268|452:228,2,100
405,266,73778,1,0
184,144,73983,6,0,P|120:140|92:164,1,100
92,184,74291,1,0
91,205,74393,1,0
96,226,74496,1,0
107,244,74599,1,0
122,259,74701,1,0
141,268,74804,1,0
162,272,74907,1,0
184,270,75010,1,0
396,144,75216,1,0
260,60,75421,1,0
104,104,75627,1,0
104,328,76038,6,0,P|56:288|80:236,2,100
264,324,76654,1,0
424,324,76860,1,0
264,324,77065,1,0
424,324,77271,1,0
282,272,77682,5,0
187,242,77887,1,0
187,142,78093,1,0
282,111,78298,1,0
341,192,78504,1,0
284,272,78709,2,0,L|244:156,2,100
252,180,79325,5,0
132,48,79531,2,0,L|60:120,1,100
48,280,79942,2,0,L|148:176,1,100
224,88,80353,1,0
424,88,80558,1,0
424,88,80969,5,0
276,152,81175,2,0,P|216:152|184:192,1,100
168,296,81586,2,0,P|228:296|260:256,1,100
272,240,81894,1,0
287,211,81996,1,0
316,194,82099,1,0
348,194,82202,1,0
193,138,82613,5,0
336,64,82819,1,0
193,138,83024,1,0
336,216,83230,1,0
208,312,83435,2,0,P|160:288|116:264,2,100
204,152,84051,6,0,L|260:180|308:204,2,100
356,100,84668,2,0,P|316:60|272:68,1,100
128,124,85079,1,0
76,276,85284,1,0
176,284,85490,1,0
164,164,85695,5,0
284,232,85901,1,0
436,184,86106,1,0
284,84,86312,2,0,P|230:64|194:90,2,100
412,240,86928,1,0
128,240,87134,1,0
88,84,90627,6,0,L|140:84|192:84,1,100
132,176,91038,2,0,L|180:176|232:176,1,100
296,56,91449,1,0
424,108,91654,1,0
392,244,91860,1,0
296,172,92065,6,0,P|264:128|208:152,2,100
296,172,92682,1,0
224,292,92887,1,0
96,240,93093,1,0
200,184,93298,2,0,P|152:160|156:100,2,100
200,184,93915,5,0
316,212,94120,1,0
372,316,94325,1,0
316,212,94531,1,0
336,96,94736,1,0
316,212,94942,1,0
220,284,95147,1,0
108,240,95353,6,0,L|68:144,1,100
188,168,95764,2,0,L|144:60,1,100
196,188,96175,2,0,L|244:300,1,100
392,312,96586,1,0
440,120,96791,1,0
440,120,96997,1,0
440,120,97099,1,0
440,120,97202,1,0
128,192,97613,5,0
156,116,97819,1,0
196,272,98024,1,0
256,40,98230,1,0
332,336,98435,1,0
468,192,98641,1,0
348,192,98846,5,0
208,192,99051,1,0
80,132,99257,2,0,P|76:64|140:36,2,100
128,284,99873,2,0,P|200:324|248:320,1,100
376,328,100284,2,0,P|456:292|460:240,1,100
384,136,100695,6,0,L|280:224,1,100
384,136,101106,1,0
440,264,101312,1,0
304,240,101517,1,0
212,168,101723,2,0,L|212:64,2,100
212,168,102339,5,0
60,220,102545,1,0
168,340,102750,1,0
324,304,102956,1,0
324,304,103161,1,0
324,208,103367,1,0
324,183,103469,1,0
324,158,103572,1,0
324,133,103675,1,0
324,108,103777,1,0
92,128,103983,6,0,P|148:80|180:80,1,100
196,236,104394,2,0,P|140:284|108:284,1,100
200,148,104805,2,0,P|256:100|288:100,1,100
332,248,105216,2,0,P|276:296|244:296,1,100
252,297,105627,5,0
100,248,105832,1,0
132,92,106038,1,0
288,52,106243,1,0
132,92,106449,1,0
288,52,106654,1,0
256,208,106860,6,0,L|256:324,1,100
100,248,107271,2,0,P|80:220|132:148,1,100
208,48,107682,2,0,P|268:48|328:96,2,100
302,66,108298,1,0
404,192,108504,1,0
404,192,108915,5,0
404,192,109325,1,0
88,80,110353,5,0
424,304,110764,1,0
54,179,111175,1,0
457,204,111586,1,0
75,281,111997,5,0
436,102,112408,1,0
256,192,112819,1,0
256,192,113230,2,0,L|256:296,1,100
132,192,113641,6,0,P|144:136|184:116,2,100
180,116,114257,1,0
380,192,114462,2,0,P|368:248|328:268,2,100
336,268,115079,1,0
104,192,130079,5,0
80,96,130284,1,0
156,204,130490,1,0
188,300,130695,1,0
288,272,130901,1,0
288,272,131106,1,0
388,268,131312,1,0
388,268,131517,1,0
416,172,131723,5,0
436,76,131928,1,0
372,184,132134,1,0
352,284,132339,1,0
256,204,132545,1,0
256,204,132750,1,0
180,136,132956,1,0
180,136,133161,1,0
256,72,133367,5,0
348,108,133572,1,0
376,204,133778,1,0
316,284,133983,1,0
216,280,134188,1,0
176,280,134599,1,0
136,280,135010,5,0
88,148,135216,1,0
136,280,135421,1,0
204,156,135627,1,0
136,280,135832,1,0
88,148,136038,1,0
136,280,136243,1,0
276,304,136449,1,0
420,240,136654,6,0,P|456:168|448:132,1,100
296,184,137065,2,0,P|260:256|268:292,1,100
200,224,137476,2,0,P|128:260|92:252,1,100
120,100,137887,2,0,P|192:64|228:72,1,100
208,65,138298,5,0
480,192,138709,1,0
280,192,139120,1,0
80,192,139531,1,0
208,96,139736,6,0,P|260:48|428:152,1,300
424,148,140764,1,0
424,148,140969,1,0
332,280,141175,1,0
256,84,141380,1,0
256,84,141483,1,0
256,84,141586,5,0
256,84,141688,1,0
256,84,141791,1,0
256,84,141894,1,0
256,84,141997,1,0
256,84,142099,1,0
256,84,142202,1,0
256,84,142305,1,0
256,83,142408,1,0
256,105,142510,1,0
256,127,142613,1,0
256,149,142716,1,0
256,171,142818,1,0
256,194,142921,1,0
256,216,143024,1,0
256,238,143127,1,0
256,260,143229,1,0
100,240,143435,5,0
100,240,143538,2,0,P|60:116|144:56,1,250
332,132,144257,1,0
420,264,144462,1,0
332,132,144668,6,0,P|280:56|176:56,1,200
72,172,145284,1,0
72,172,145695,1,0
392,176,146106,1,0
392,176,146312,6,0,L|260:176,1,100
180,60,146723,1,0
292,176,146928,1,0
184,292,147134,6,0,P|104:268|96:224,1,100
60,124,147545,2,0,L|116:92,1,50
184,88,147750,2,0,L|256:88,1,50
308,108,147956,2,0,L|360:148,1,50
408,184,148161,5,0
312,312,148367,1,0
168,244,148572,1,0
212,88,148778,2,0,P|262:151|323:152,1,100
276,156,149188,1,0
120,200,149394,1,0
276,156,149599,1,0
276,156,149702,6,0,L|312:228|312:228,1,50
144,244,150010,2,0,L|176:320,2,50
412,64,150627,1,0
148,244,151038,1,0
296,304,151243,1,0
300,144,151449,6,0,P|324:72|384:64,1,100
448,184,151860,1,0
156,316,152271,1,0
156,316,152476,1,0
72,168,152682,2,0,L|136:104,1,50
260,168,152887,2,0,L|212:116,1,50
168,72,153093,5,0
264,316,153298,2,0,P|380:300|392:236,1,150
424,212,153709,1,0
168,72,153915,1,0
112,328,154120,1,0
112,328,154325,2,0,L|216:232,1,100
340,304,154736,5,0
317,279,154838,1,0
295,254,154941,1,0
272,229,155044,1,0
316,232,155147,1,0
292,208,155249,1,0
268,184,155352,1,0
245,161,155455,1,0
292,160,155558,5,0
267,137,155660,1,0
243,114,155763,1,0
219,91,155866,1,0
192,72,155969,2,0,L|76:152,1,100
80,148,156380,5,0
220,68,156586,1,0
400,120,156791,2,0,P|472:180|440:280,1,200
448,272,157408,1,0
299,274,157613,1,0
299,274,157819,6,0,P|221:223|135:282,1,200
140,112,158435,1,0
352,52,158846,2,0,P|408:92|396:220,1,200
284,320,159462,6,0,L|188:256,1,100
72,172,159873,2,0,L|160:232,1,100
292,148,160284,2,0,L|216:248,1,100
128,352,160695,1,0
232,228,160901,1,0
356,72,161106,1,0
356,72,161517,5,0
196,68,161723,2,0,L|144:68|96:68,1,100
196,68,162134,2,0,P|176:112|144:176,1,100
196,68,162545,2,0,L|292:152,1,100
271,133,162853,1,0
271,133,162956,5,0
424,176,163161,1,0
368,328,163367,1,0
256,212,163572,1,0
148,328,163778,1,0
96,176,163983,1,0
96,176,164188,1,0
424,176,164394,6,0,L|312:176,2,100
264,80,165010,1,0
104,100,165216,1,0
264,80,165421,1,0
104,100,165627,1,0
64,256,165832,1,0
224,252,166038,6,0,L|332:252,1,100
452,156,166449,2,0,L|340:156,1,100
220,56,166860,2,0,L|328:56,1,100
180,132,167271,1,0
108,276,167476,1,0
248,196,167682,1,0
408,208,167887,6,0,P|368:296|272:352,1,200
160,244,168504,1,0
236,104,168709,1,0
236,104,168915,1,0
176,184,169120,1,0
207,183,169222,1,0
239,183,169325,1,0
271,183,169428,1,0
299,183,169530,1,0
96,56,169942,5,0
323,282,170353,5,0
343,258,170456,1,0
359,239,170558,1,0
376,220,170661,1,0
396,200,170764,1,0
464,128,170969,1,0
264,124,171380,6,0,L|208:124|132:124,1,100
120,212,171791,2,0,L|176:212|252:212,1,100
264,304,172202,2,0,L|208:304|132:304,1,100
120,212,172613,1,0
76,64,173435,5,0
256,312,173641,1,0
436,64,173846,1,0
256,64,174257,5,0
256,192,174668,1,0
256,320,175079,1,0
256,192,175695,1,0
256,192,175901,1,0
256,192,176004,1,0
256,192,176106,1,0
72,116,176312,6,0,L|160:28,1,100
376,52,176723,2,0,L|464:140,1,100
448,276,177134,2,0,L|360:364,1,100
136,348,177545,2,0,L|48:260,1,100
256,262,177956,5,0
328,192,178161,1,0
256,121,178367,1,0
188,192,178572,1,0
64,164,178778,1,0
176,48,178983,1,0
340,48,179188,1,0
444,168,179394,5,0
340,92,179599,2,0,L|224:92,1,100
136,172,180010,1,0
136,172,180216,2,0,L|260:172,1,100
340,252,180627,1,0
340,252,180832,6,0,L|208:252,1,100
80,248,181243,1,0
80,248,181449,1,0
124,96,181654,1,0
124,96,181860,1,0
280,60,182065,1,0
280,60,182271,6,0,L|400:60,2,100
48,192,183093,1,0
256,344,183504,1,0
468,192,183915,1,0
256,44,184325,5,0
180,344,184736,1,0
332,40,185045,1,0
256,188,185558,1,0
256,188,185764,1,0
256,192,185969,12,0,187613
